1, 2.0, 1, 25, 0, 3, 0, 0, 2, 0. 12, 0.25
2, 8.0, 1, 26, 3, 5, 9, 10, 8, 0. 6, 0.7272727272727273
3, 9.0, 1, 24, 0, 3, 0, 0, 7, 2. 11, 0.5185185185185185
4, 9.0, 1, 23, 3, 3, 0, 10, 8, 1. 8, 0.64
5, 10.0, 1, 26, 0, 3, 0, 0, 10, 0. 5, 0.8
6, 1.0, 6, 22, 1, 5, 0, 0, 1, 0. 3, 0.4
8, 1.0, 1, 22, 1, 5, 0, 0, 1, 0. 3, 0.4
9, 3.0, 1, 25, 3, 3, 9, 0, 2, 1. 2, 0.5714285714285715
10, 9.0, 16, 24, 2, 3, 9, 10, 3, 6. 3, 0.4
11, 5.0, 6, 22, 1, 5, 0, 0, 3, 2. 3, 0.5454545454545454
12, 1.0, 1, 24, 2, 5, 0, 0, 1, 0. 4, 0.33333333333333337
13, 7.0, 8, 22, 1, 3, 0, 0, 7, 0. 6, 0.7000000000000001
