Starting band 2
1, 5.0, 6, 24, 0, 3, 0, 10, 4, 1. 10, 0.4210526315789473
2, 13.0, 1, 24, 0, 3, 9, 0, 9, 4. 6, 0.6428571428571429
3, 13.0, 2, 23, 0, 3, 0, 10, 9, 4. 9, 0.5806451612903226
4, 13.0, 14, 24, 0, 3, 9, 10, 10, 3. 7, 0.6666666666666667
5, 11.0, 1, 26, 0, 3, 9, 10, 11, 0. 5, 0.8148148148148148
6, 3.0, 2, 26, 0, 3, 0, 10, 1, 2. 3, 0.28571428571428575
8, 4.0, 4, 25, 1, 5, 9, 10, 2, 2. 3, 0.4444444444444445
9, 1.0, 1, 24, 2, 5, 0, 0, 1, 0. 3, 0.4
10, 5.0, 14, 23, 0, 3, 0, 0, 3, 2. 3, 0.5454545454545454
11, 4.0, 4, 26, 0, 3, 0, 0, 4, 0. 2, 0.8
12, 6.0, 6, 23, 1, 3, 0, 10, 2, 4. 3, 0.3636363636363636
13, 12.0, 4, 23, 0, 3, 0, 0, 6, 6. 7, 0.48000000000000004
